Enter the value of the factorial: 
10! took 3 milliseconds to compute and contains 
7 digits.

3,628,800
-------------------------------------------------------------

Enter another value? No: input 0, Yes: input any number other than 0
Enter the value of the factorial: 
98! took 5 milliseconds to compute and contains 
154 digits.

9,426,890,448,883,247,745,626,185,743,057,242,473,809,693,
764,078,951,663,494,238,777,294,707,070,023,223,798,882,976,
159,207,729,119,823,605,850,588,608,460,429,412,647,567,360,
000,000,000,000,000,000,000
-------------------------------------------------------------

Enter another value? No: input 0, Yes: input any number other than 0
Enter the value of the factorial: 
234! took 29 milliseconds to compute and contains 
455 digits.

22,670,150,051,024,339,208,842,996,793,945,853,659,618,105,
149,432,332,891,909,162,781,453,188,496,185,286,163,298,606,
516,694,886,905,607,365,190,190,959,563,064,612,945,338,703,
694,136,857,684,356,961,467,817,193,275,159,683,377,314,353,
662,443,780,840,896,397,239,708,288,581,036,699,483,832,395,
636,246,310,971,241,224,996,315,914,676,173,236,435,465,798,
388,095,261,168,098,119,711,919,219,177,465,172,417,531,870,
533,071,210,963,890,951,079,600,651,352,649,259,865,692,984,
172,459,046,697,905,169,775,036,847,325,733,034,393,600,000,
000,000,000,000,000,000,000,000,000,000,000,000,000,000,000,
000,000
-------------------------------------------------------------

Enter another value? No: input 0, Yes: input any number other than 0
Enter the value of the factorial: 
567! took 35 milliseconds to compute and contains 
1317 digits.

649,483,984,028,395,659,661,733,295,685,901,544,934,978,750,
889,527,945,304,800,574,997,196,752,255,580,683,501,579,493,
203,611,359,904,547,285,858,217,349,996,008,840,933,739,864,
309,090,760,564,167,410,232,634,774,034,181,673,112,476,193,
518,020,272,968,159,594,517,767,951,330,680,339,855,683,079,
154,029,302,460,204,496,322,003,226,460,300,201,055,132,334,
972,008,130,888,407,689,678,477,616,804,900,037,361,803,481,
984,019,857,638,776,753,187,961,318,154,550,868,102,082,442,
011,587,321,977,461,579,828,452,180,032,961,546,140,560,791,
362,673,589,415,265,548,674,040,204,561,654,854,738,960,357,
963,782,223,298,621,014,763,467,616,334,187,134,715,686,112,
824,112,384,087,119,751,142,749,500,625,396,972,146,523,051,
566,907,340,914,339,421,218,445,802,707,140,645,150,524,683,
582,597,267,523,518,417,552,114,580,408,791,259,115,741,242,
671,849,038,630,183,774,837,321,371,003,784,787,980,300,701,
886,231,721,231,933,549,546,790,748,358,706,265,290,263,648,
642,561,029,265,814,333,231,693,309,937,892,569,909,750,234,
913,845,749,874,390,612,394,576,728,720,824,721,439,991,034,
142,668,193,834,500,479,118,514,349,720,808,566,703,473,178,
741,837,234,006,618,197,259,923,961,253,586,532,789,940,899,
465,170,455,333,356,920,414,918,265,259,273,380,016,594,597,
964,163,679,195,762,340,018,093,067,387,748,601,344,632,351,
849,448,708,998,046,156,066,870,567,303,965,851,516,974,890,
601,183,731,644,798,182,852,989,491,099,157,918,032,798,287,
403,599,576,875,645,915,376,678,846,053,889,721,185,339,136,
259,701,818,471,072,888,435,597,553,117,078,733,428,383,331,
888,660,480,000,000,000,000,000,000,000,000,000,000,000,000,
000,000,000,000,000,000,000,000,000,000,000,000,000,000,000,
000,000,000,000,000,000,000,000,000,000,000,000,000,000,000,
000,000,000,000
-------------------------------------------------------------

Enter another value? No: input 0, Yes: input any number other than 0
Enter the value of the factorial: 
999! took 102 milliseconds to compute and contains 
2565 digits.

402,387,260,077,093,773,543,702,433,923,003,985,719,374,864,
210,714,632,543,799,910,429,938,512,398,629,020,592,044,208,
486,969,404,800,479,988,610,197,196,058,631,666,872,994,808,
558,901,323,829,669,944,590,997,424,504,087,073,759,918,823,
627,727,188,732,519,779,505,950,995,276,120,874,975,462,497,
043,601,418,278,094,646,496,291,056,393,887,437,886,487,337,
119,181,045,825,783,647,849,977,012,476,632,889,835,955,735,
432,513,185,323,958,463,075,557,409,114,262,417,474,349,347,
553,428,646,576,611,667,797,396,668,820,291,207,379,143,853,
719,588,249,808,126,867,838,374,559,731,746,136,085,379,534,
524,221,586,593,201,928,090,878,297,308,431,392,844,403,281,
231,558,611,036,976,801,357,304,216,168,747,609,675,871,348,
312,025,478,589,320,767,169,132,448,426,236,131,412,508,780,
208,000,261,683,151,027,341,827,977,704,784,635,868,170,164,
365,024,153,691,398,281,264,810,213,092,761,244,896,359,928,
705,114,964,975,419,909,342,221,566,832,572,080,821,333,186,
116,811,553,615,836,546,984,046,708,975,602,900,950,537,616,
475,847,728,421,889,679,646,244,945,160,765,353,408,198,901,
385,442,487,984,959,953,319,101,723,355,556,602,139,450,399,
736,280,750,137,837,615,307,127,761,926,849,034,352,625,200,
015,888,535,147,331,611,702,103,968,175,921,510,907,788,019,
393,178,114,194,545,257,223,865,541,461,062,892,187,960,223,
838,971,476,088,506,276,862,967,146,674,697,562,911,234,082,
439,208,160,153,780,889,893,964,518,263,243,671,616,762,179,
168,909,779,911,903,754,031,274,622,289,988,005,195,444,414,
282,012,187,361,745,992,642,956,581,746,628,302,955,570,299,
024,324,153,181,617,210,465,832,036,786,906,117,260,158,783,
520,751,516,284,225,540,265,170,483,304,226,143,974,286,933,
061,690,897,968,482,590,125,458,327,168,226,458,066,526,769,
958,652,682,272,807,075,781,391,858,178,889,652,208,164,348,
344,825,993,266,043,367,660,176,999,612,831,860,788,386,150,
279,465,955,131,156,552,036,093,988,180,612,138,558,600,301,
435,694,527,224,206,344,631,797,460,594,682,573,103,790,084,
024,432,438,465,657,245,014,402,821,885,252,470,935,190,620,
929,023,136,493,273,497,565,513,958,720,559,654,228,749,774,
011,413,346,962,715,422,845,862,377,387,538,230,483,865,688,
976,461,927,383,814,900,140,767,310,446,640,259,899,490,222,
221,765,904,339,901,886,018,566,526,485,061,799,702,356,193,
897,017,860,040,811,889,729,918,311,021,171,229,845,901,641,
921,068,884,387,121,855,646,124,960,798,722,908,519,296,819,
372,388,642,614,839,657,382,291,123,125,024,186,649,353,143,
970,137,428,531,926,649,875,337,218,940,694,281,434,118,520,
158,014,123,344,828,015,051,399,694,290,153,483,077,644,569,
099,073,152,433,278,288,269,864,602,789,864,321,139,083,506,
217,095,002,597,389,863,554,277,196,742,822,248,757,586,765,
752,344,220,207,573,630,569,498,825,087,968,928,162,753,848,
863,396,909,959,826,280,956,121,450,994,871,701,244,516,461,
260,379,029,309,120,889,086,942,028,510,640,182,154,399,457,
156,805,941,872,748,998,094,254,742,173,582,401,063,677,404,
595,741,785,160,829,230,135,358,081,840,096,996,372,524,230,
560,855,903,700,624,271,243,416,909,004,153,690,105,933,983,
835,777,939,410,970,027,753,472,000,000,000,000,000,000,000,
000,000,000,000,000,000,000,000,000,000,000,000,000,000,000,
000,000,000,000,000,000,000,000,000,000,000,000,000,000,000,
000,000,000,000,000,000,000,000,000,000,000,000,000,000,000,
000,000,000,000,000,000,000,000,000,000,000,000,000,000,000,
000,000,000,000,000,000,000,000,000,000,000,000,000,000,000
-------------------------------------------------------------

Enter another value? No: input 0, Yes: input any number other than 0
Enter the value of the factorial: 
5432! took 6946 milliseconds to compute and contains 
17932 digits.

3,022,553,598,401,528,109,339,964,628,242,695,562,192,247,
778,199,724,765,995,083,746,027,952,458,024,410,335,399,620,
546,155,046,818,783,845,605,181,206,996,932,889,984,647,917,
481,009,441,224,339,178,204,212,023,387,527,778,145,334,495,
176,919,005,662,450,174,055,812,830,053,766,680,911,523,014,
924,911,652,280,169,055,349,095,613,707,300,096,784,750,330,
134,899,406,117,789,743,524,847,140,429,114,600,981,802,421,
644,991,962,896,925,634,041,185,128,289,777,039,976,657,551,
226,520,048,856,581,068,727,123,503,674,537,066,671,876,548,
926,859,462,831,057,747,011,277,881,099,870,878,647,000,374,
305,365,609,327,669,036,440,164,469,985,331,556,150,291,109,
718,331,796,039,402,432,516,213,696,093,708,871,126,241,294,
386,617,174,813,504,992,175,233,467,593,611,995,012,207,707,
954,561,924,035,886,173,361,560,642,430,695,169,887,716,960,
575,016,084,137,393,268,474,758,408,816,122,058,159,442,767,
602,476,341,614,150,802,734,202,559,280,592,993,725,638,020,
167,804,219,465,283,529,445,135,147,742,344,204,921,377,635,
610,339,319,220,025,117,693,204,714,155,209,808,887,863,909,
362,768,306,575,156,067,176,261,198,767,168,579,167,528,302,
164,687,777,199,703,622,158,043,186,384,615,039,751,831,772,
604,002,139,430,677,644,402,366,708,573,809,883,295,315,075,
435,614,195,415,455,715,599,443,496,294,071,719,870,068,545,
234,335,177,850,031,917,797,456,694,375,000,702,190,650,840,
375,569,262,375,681,951,018,334,944,064,254,369,517,696,708,
827,529,882,840,833,243,938,974,264,172,421,409,704,147,802,
453,759,476,423,560,579,393,302,773,388,743,809,316,390,612,
633,642,252,172,271,698,900,311,497,606,583,445,682,243,743,
691,807,486,439,318,999,676,236,064,948,709,380,502,603,433,
960,176,628,794,340,201,524,704,252,154,787,872,774,752,905,
947,539,851,036,933,823,743,888,434,615,460,039,620,452,182,
556,029,917,819,781,384,414,269,490,945,171,112,286,574,739,
891,438,200,301,026,580,200,742,670,654,483,024,639,919,828,
191,226,602,206,972,536,398,402,634,909,316,556,548,225,673,
429,130,399,956,203,834,324,416,782,461,392,604,620,987,833,
785,660,450,669,332,763,794,354,153,612,235,566,011,393,197,
828,403,771,723,138,662,671,156,573,648,003,141,643,619,790,
280,683,958,122,943,489,833,769,431,932,668,263,434,460,317,
568,536,990,189,417,161,379,996,891,226,674,594,221,149,049,
193,181,826,551,564,001,506,245,587,051,462,896,672,641,129,
719,705,779,502,983,911,366,083,796,730,406,641,433,156,418,
072,009,209,328,717,610,959,445,220,004,997,174,615,349,829,
415,013,637,731,720,427,081,839,305,020,302,794,438,716,626,
851,642,633,422,232,987,473,534,640,562,033,791,845,256,297,
276,818,034,540,742,109,426,291,303,213,518,940,986,760,360,
930,917,467,960,396,182,961,652,483,517,193,306,948,283,921,
256,881,906,362,145,923,627,696,821,977,173,449,289,528,098,
706,778,773,306,998,463,994,873,019,805,386,902,148,884,002,
979,862,928,885,102,811,021,609,937,488,988,296,348,828,118,
038,739,000,973,563,802,562,786,797,208,328,764,285,190,530,
054,733,586,361,771,811,070,726,450,384,389,296,988,573,564,
155,781,172,222,745,123,316,738,383,292,004,341,456,813,934,
432,168,608,211,928,785,866,616,290,173,730,748,876,706,603,
584,402,059,240,968,286,780,424,057,598,819,142,111,182,023,
229,861,409,303,820,157,572,875,745,096,087,738,552,205,648,
879,545,369,101,598,022,797,542,479,211,657,310,364,152,224,
195,155,712,901,850,176,263,235,394,743,083,413,206,556,997,
702,855,615,332,952,840,479,370,470,375,555,505,095,364,305,
362,708,180,983,520,103,385,889,169,055,601,605,124,778,785,
523,380,802,098,032,794,403,697,349,455,080,590,437,845,981,
700,677,818,056,932,523,836,387,985,816,890,282,166,983,981,
136,109,524,857,890,388,821,411,005,167,010,766,809,184,677,
420,818,993,258,288,024,854,091,351,726,184,424,335,982,619,
304,570,339,363,028,677,557,662,621,424,028,675,113,041,560,
320,894,354,252,613,226,927,689,887,055,360,243,536,010,372,
428,434,058,324,368,612,808,712,168,776,019,834,500,397,101,
972,715,579,647,012,123,417,994,699,174,633,094,115,606,458,
938,022,812,482,133,816,781,038,313,720,246,915,795,388,355,
276,447,893,121,821,436,244,712,810,220,792,517,124,746,741,
721,209,516,166,797,111,710,172,822,356,027,112,590,049,862,
363,518,513,241,476,295,870,842,838,866,578,622,380,759,454,
253,954,561,777,533,711,437,944,900,382,797,044,534,806,249,
558,656,524,754,812,075,878,517,485,075,546,647,091,992,734,
471,712,898,642,469,747,989,582,236,827,418,054,324,934,290,
997,985,224,601,993,768,091,563,978,507,570,553,027,385,418,
809,219,491,368,614,420,652,244,958,893,519,235,489,297,740,
829,946,728,885,266,849,167,282,024,519,943,020,559,446,823,
220,610,969,741,607,496,646,030,607,518,067,304,606,885,412,
340,386,123,702,375,794,713,298,817,750,220,590,733,551,833,
001,472,422,242,687,174,791,833,570,625,042,022,880,558,883,
764,953,526,831,103,673,840,381,520,031,366,265,324,047,875,
321,585,417,465,187,237,735,813,606,643,376,571,697,172,523,
699,101,100,857,643,531,134,175,348,884,208,547,766,152,221,
739,414,350,087,825,445,827,778,217,040,790,417,017,047,560,
433,088,394,929,396,309,781,979,041,425,665,645,996,948,915,
206,981,459,924,625,892,215,743,807,563,896,714,123,980,982,
937,508,461,121,609,379,613,375,960,606,850,231,195,692,486,
504,209,300,852,221,343,863,520,142,641,145,093,262,595,542,
712,872,728,018,136,453,478,897,248,820,707,671,986,230,816,
127,780,406,729,596,454,282,190,633,991,970,447,267,940,237,
470,705,797,376,569,326,968,416,481,134,743,820,005,793,591,
447,146,943,253,880,336,043,381,959,576,384,554,609,139,759,
748,877,906,027,006,992,737,740,447,205,067,317,474,585,813,
926,173,979,597,108,257,792,966,299,877,727,768,628,188,306,
174,117,404,081,290,973,527,060,542,514,835,033,511,896,959,
354,754,270,770,627,188,981,221,601,827,695,602,670,362,915,
049,322,470,442,183,699,001,979,313,218,343,058,252,936,712,
778,751,464,802,405,930,646,066,892,873,363,640,161,791,368,
907,056,333,885,319,013,375,638,314,228,186,014,748,816,810,
733,628,687,431,306,140,136,128,424,754,945,918,213,647,469,
366,716,284,964,468,423,253,166,343,562,339,384,526,208,108,
117,109,380,345,977,664,923,869,961,021,675,102,196,608,077,
827,986,808,081,485,020,209,418,323,579,820,079,130,817,331,
403,175,974,389,898,981,427,901,981,058,430,937,708,338,496,
184,512,552,559,690,324,766,941,489,024,346,541,353,257,405,
799,355,109,373,531,488,107,573,619,504,971,575,936,586,270,
860,424,625,144,877,921,881,134,443,408,266,440,727,170,815,
673,240,630,295,742,135,100,140,187,377,705,461,954,546,569,
248,914,780,925,381,996,891,800,944,736,959,907,848,802,320,
295,689,640,957,686,265,236,467,244,563,912,446,081,205,661,
331,397,784,000,815,706,641,651,467,946,843,476,247,120,475,
863,226,343,719,293,854,525,660,256,713,975,264,109,284,284,
119,318,290,064,820,571,930,343,068,491,587,678,795,898,591,
321,313,874,889,234,407,972,743,523,570,308,042,672,740,595,
200,619,775,138,705,879,432,927,306,711,405,242,030,184,375,
559,603,165,425,481,506,146,698,283,100,539,627,871,102,971,
208,804,343,421,977,479,919,564,643,166,983,559,799,472,253,
915,451,865,033,407,798,997,399,005,588,957,769,558,997,435,
492,543,193,501,669,041,694,462,939,606,206,832,302,817,921,
932,428,997,958,612,166,543,235,952,413,009,876,899,434,886,
933,262,752,940,004,241,134,120,088,131,059,190,261,531,417,
626,956,902,045,691,182,078,277,591,029,037,347,488,625,494,
716,933,881,923,931,627,143,491,761,535,500,075,249,425,716,
492,927,360,580,647,033,389,905,590,552,571,259,826,766,599,
505,292,085,794,908,711,612,440,648,928,507,100,162,763,529,
842,541,632,584,048,392,568,183,022,338,347,320,021,079,032,
018,994,541,303,709,169,593,080,650,823,716,086,217,313,687,
354,213,990,930,414,583,851,202,036,984,503,170,943,027,194,
512,212,570,078,646,410,154,883,622,621,811,422,290,305,972,
866,854,628,674,249,562,884,348,849,484,285,568,450,521,946,
872,796,023,146,022,126,477,362,045,342,076,370,995,106,100,
357,974,489,540,194,091,322,108,704,921,962,739,077,870,009,
580,745,909,165,509,146,304,804,620,463,482,618,567,911,134,
324,207,386,075,411,399,634,231,322,695,064,524,159,769,869,
116,517,754,402,963,685,986,618,786,949,554,679,650,088,724,
892,419,118,970,889,756,856,629,007,217,799,957,874,572,273,
632,913,444,787,338,412,789,525,571,239,327,859,205,200,351,
312,858,915,425,368,869,966,558,280,848,576,984,145,729,889,
439,682,745,772,213,515,417,581,835,895,425,457,305,739,505,
627,338,588,382,842,922,445,344,380,829,593,140,668,978,161,
501,069,659,630,075,098,375,099,434,950,865,704,103,866,202,
568,905,016,337,962,939,255,219,367,873,289,889,576,029,788,
799,305,440,622,983,461,362,334,100,298,462,683,573,676,425,
112,767,659,085,984,852,492,165,878,009,633,134,911,457,375,
017,227,093,871,524,573,666,308,778,071,316,582,945,602,579,
164,695,281,394,908,150,740,149,470,580,945,183,175,182,044,
697,016,908,218,367,853,125,273,808,830,364,294,144,809,898,
238,798,222,935,127,637,357,975,437,395,129,795,179,188,979,
212,572,543,917,869,984,765,419,914,682,650,718,858,822,040,
497,628,659,241,412,203,428,416,318,702,930,101,314,625,323,
557,073,125,214,422,733,288,378,893,271,188,740,755,565,545,
273,906,425,346,851,662,524,224,325,198,015,903,728,363,831,
766,213,211,090,310,694,026,608,420,934,566,644,836,680,224,
216,494,605,559,935,467,028,969,311,526,253,550,108,685,460,
759,652,454,473,918,682,668,587,612,680,451,712,493,452,335,
275,739,338,847,575,440,571,284,448,056,585,791,333,194,618,
876,013,420,720,523,411,200,797,708,139,098,839,104,900,803,
466,503,571,724,830,831,335,744,840,580,140,320,406,969,141,
207,540,115,782,621,585,412,206,211,174,892,389,166,110,508,
908,158,731,933,273,676,442,765,317,996,739,694,289,978,809,
883,325,117,600,065,389,427,251,825,975,450,788,461,163,148,
457,103,702,169,957,911,386,673,358,259,400,027,483,339,554,
388,259,386,940,138,735,206,193,486,320,881,891,733,646,984,
050,977,838,656,675,343,271,325,681,964,756,889,382,022,414,
868,692,269,666,772,007,425,631,900,956,786,198,582,299,905,
388,645,910,426,780,115,868,844,050,708,876,147,177,354,707,
684,024,985,243,960,444,158,479,505,548,579,385,259,807,926,
864,009,289,692,693,729,469,119,071,257,195,131,408,022,472,
234,964,854,791,563,653,711,480,212,025,450,391,119,360,542,
579,265,101,060,344,159,170,763,331,064,479,983,427,223,628,
822,776,827,137,686,938,530,150,168,471,215,225,690,368,312,
807,176,707,596,890,092,047,105,662,788,255,115,436,369,600,
475,267,089,472,447,508,368,831,714,935,514,704,502,948,270,
461,161,877,837,955,399,676,915,768,312,791,152,012,283,335,
109,311,337,320,230,004,901,790,032,659,583,100,154,713,160,
992,741,892,244,607,315,075,256,720,575,751,316,023,384,758,
084,203,169,353,039,366,926,271,052,146,944,501,315,474,629,
940,086,673,042,752,543,987,262,714,671,063,907,707,659,354,
550,718,849,543,868,229,399,277,396,389,599,952,442,546,700,
748,520,580,201,454,753,994,403,853,175,607,482,933,901,258,
252,004,503,881,236,798,666,762,593,429,203,078,705,069,299,
562,719,805,086,314,737,734,947,950,048,554,446,197,287,151,
569,025,206,703,368,623,818,671,684,996,931,998,155,772,527,
222,767,720,507,666,916,819,692,433,991,365,317,314,829,837,
965,718,846,543,210,028,711,153,336,793,404,840,918,099,331,
452,985,491,442,189,137,335,473,620,282,287,066,173,389,606,
378,211,595,352,010,488,285,791,343,907,649,009,783,990,157,
162,467,877,830,178,944,053,512,248,089,313,860,680,475,052,
049,698,420,620,513,352,842,434,669,293,722,109,446,528,680,
119,763,850,317,796,155,238,074,267,741,097,580,658,658,636,
780,223,737,246,832,640,512,459,002,784,823,883,736,218,600,
967,123,166,090,622,073,714,918,870,342,828,252,867,369,916,
186,825,054,547,561,319,711,861,716,353,354,740,777,319,301,
941,047,095,255,110,052,123,015,484,183,515,959,732,841,344,
244,451,474,313,099,239,026,969,319,914,585,572,036,915,352,
092,573,673,541,033,112,200,344,359,911,784,674,035,434,576,
364,871,632,575,515,529,870,388,878,180,270,527,015,878,760,
781,329,084,102,283,754,762,662,716,501,858,956,577,856,072,
403,142,927,134,075,467,221,376,767,730,784,444,009,162,963,
957,121,665,231,581,843,070,265,486,043,160,219,488,506,711,
648,990,399,856,873,319,059,994,672,521,798,482,400,381,188,
249,400,185,453,299,915,628,192,227,394,949,546,045,839,568,
112,290,262,558,565,527,356,871,166,540,777,597,281,667,427,
157,503,655,116,650,431,985,078,669,023,219,771,388,747,419,
763,560,096,721,436,306,308,643,538,998,047,818,593,252,992,
595,571,524,168,416,954,918,408,593,000,838,934,973,476,891,
283,232,576,733,457,177,768,410,884,548,368,579,426,468,081,
292,597,571,979,743,342,568,414,139,121,040,929,767,577,823,
687,219,987,704,784,621,866,143,917,387,119,753,634,933,957,
419,309,732,047,676,576,745,137,945,212,893,212,911,520,668,
670,069,370,879,381,707,679,233,838,891,335,923,381,740,898,
434,637,742,973,061,609,730,662,358,890,621,221,707,052,117,
842,816,991,468,888,266,054,047,738,618,414,424,869,058,557,
015,891,002,749,063,184,714,058,886,177,024,322,219,234,620,
134,906,467,709,349,703,454,054,952,404,936,931,653,101,245,
765,888,636,537,906,674,035,063,101,423,238,640,879,204,356,
986,400,494,751,751,647,632,790,465,723,620,676,541,513,013,
181,894,402,178,327,017,954,969,830,136,436,289,608,243,824,
968,860,841,658,441,306,213,506,620,070,312,934,689,858,960,
080,597,662,240,294,908,552,389,166,086,454,375,237,373,337,
889,216,283,658,074,434,142,425,397,845,521,079,788,855,733,
289,929,090,602,708,703,873,153,070,367,491,019,396,593,520,
990,258,265,704,082,715,329,923,142,003,885,891,069,897,630,
993,997,626,909,665,990,240,441,605,886,056,496,171,395,449,
399,987,604,743,986,711,594,052,493,132,467,300,258,460,206,
531,867,294,565,346,133,728,356,165,377,915,273,403,359,092,
823,689,383,469,004,065,259,657,034,013,002,653,098,197,023,
989,676,254,480,898,691,864,752,475,352,661,240,948,823,533,
882,500,192,084,163,207,563,299,497,085,078,457,630,673,919,
591,733,255,069,409,644,322,548,674,955,534,785,569,003,666,
211,809,387,910,735,876,363,184,490,134,955,343,534,037,155,
009,161,624,465,279,484,791,052,150,686,723,156,921,964,109,
965,066,636,644,853,638,096,044,409,252,491,305,460,109,956,
518,709,966,954,458,772,894,877,457,436,573,314,157,813,846,
239,294,591,840,964,383,305,167,689,414,894,451,422,736,615,
736,895,032,076,967,945,223,037,331,316,645,306,566,716,785,
947,966,950,449,312,076,854,416,343,216,299,888,229,771,438,
968,543,923,802,399,596,390,549,044,255,176,596,997,139,365,
994,460,088,039,528,029,408,140,638,220,842,025,572,737,010,
538,086,284,226,411,799,153,732,834,317,127,110,792,334,990,
424,328,979,938,563,445,988,190,882,227,158,791,896,855,588,
679,167,819,544,203,154,459,702,918,725,979,511,479,747,105,
662,927,031,217,604,809,462,692,020,951,457,798,032,479,249,
936,152,657,429,435,254,140,598,527,132,560,350,693,454,964,
575,804,495,044,850,301,968,196,774,951,195,584,463,959,416,
965,479,937,740,205,286,195,047,087,533,728,497,929,555,815,
474,690,504,185,659,744,227,427,031,827,522,781,965,222,599,
714,695,357,383,362,907,993,499,719,014,754,990,955,428,927,
813,489,097,863,763,086,762,122,574,276,927,413,162,747,429,
918,870,544,825,225,324,241,771,536,171,362,671,158,832,507,
176,659,942,452,739,743,370,184,175,601,002,863,877,902,588,
827,612,330,397,692,957,910,869,834,279,210,227,246,623,924,
368,059,609,226,156,584,343,163,002,888,634,058,308,505,551,
663,320,907,139,634,397,363,757,122,103,416,829,324,598,824,
313,056,757,539,359,591,691,798,356,639,000,460,954,605,227,
619,175,643,784,670,066,290,946,469,218,182,240,281,512,091,
623,597,754,966,819,906,984,108,326,114,850,687,208,947,464,
179,706,844,998,712,623,768,149,909,472,724,564,163,667,162,
701,940,642,512,159,088,617,270,807,625,110,301,578,415,623,
815,000,797,371,047,640,427,046,492,824,882,083,096,207,724,
188,042,254,243,563,772,131,776,082,273,902,355,225,332,019,
033,049,575,272,509,107,211,587,535,229,427,793,987,996,493,
767,360,951,982,999,857,678,278,899,433,046,827,984,053,425,
682,488,362,374,690,209,335,710,657,172,242,345,700,223,108,
985,968,332,342,001,951,100,763,749,590,902,558,289,382,597,
884,950,540,975,848,533,431,329,995,827,444,798,010,468,990,
643,484,540,258,309,806,153,563,998,079,961,705,813,917,001,
300,728,803,521,479,430,255,658,238,395,079,773,330,273,688,
295,188,918,004,714,857,882,826,046,382,686,116,313,786,073,
270,077,523,486,196,963,823,819,069,574,092,505,546,806,752,
124,160,156,453,420,207,571,708,173,928,524,586,390,715,027,
168,469,945,250,845,662,426,780,585,122,915,478,683,527,445,
567,274,317,139,735,701,476,102,375,006,856,661,685,899,847,
539,442,406,813,887,900,307,101,467,202,247,169,986,594,307,
115,395,677,884,868,550,197,244,170,077,657,402,388,001,842,
806,378,450,962,607,228,796,292,314,734,187,465,075,480,311,
924,039,744,262,401,451,188,530,144,501,576,162,040,257,683,
565,535,263,140,813,874,216,214,667,050,876,745,814,127,797,
045,216,294,933,830,060,396,414,421,637,090,105,577,784,232,
187,907,003,363,104,145,088,874,501,480,771,675,422,524,504,
362,071,216,113,329,954,624,891,115,015,641,395,632,355,006,
908,750,163,751,519,106,994,536,550,966,149,088,044,672,545,
056,180,667,008,108,862,980,840,481,636,689,146,386,220,668,
250,839,284,574,518,500,123,984,012,973,007,765,824,631,166,
927,302,843,582,381,710,517,372,246,974,647,322,803,280,323,
577,826,892,921,281,373,058,607,090,858,396,010,154,789,416,
107,222,427,809,388,415,708,578,087,251,320,183,217,719,857,
809,984,131,253,742,994,232,512,498,922,284,926,276,368,142,
003,067,344,449,387,293,555,368,374,262,041,238,381,044,085,
508,806,436,539,061,927,049,325,665,735,820,022,702,717,655,
358,548,714,030,593,962,122,461,582,296,664,111,393,683,586,
674,352,908,695,722,735,961,928,983,877,414,857,768,702,532,
789,551,740,143,602,516,130,698,512,065,367,171,182,074,736,
552,885,917,824,554,539,953,726,301,619,345,245,562,149,716,
939,750,566,912,372,912,412,674,719,151,253,302,384,078,426,
152,502,834,766,406,547,922,666,017,026,169,895,503,433,962,
702,399,397,474,539,510,027,265,896,811,352,342,046,330,174,
942,127,757,086,964,158,991,743,405,185,338,303,615,457,858,
124,020,095,802,471,303,081,543,150,072,273,426,044,315,918,
645,068,632,170,073,131,497,201,411,257,992,804,406,780,651,
210,974,909,347,867,146,293,157,074,718,417,471,928,540,454,
456,006,425,123,157,834,525,044,383,692,924,659,423,421,092,
241,559,000,852,785,916,997,368,261,737,838,431,763,382,065,
930,457,846,708,607,318,474,821,661,846,923,626,385,125,120,
521,107,787,228,363,491,893,556,927,292,640,471,388,104,254,
275,736,026,823,201,711,620,296,504,368,261,442,861,681,647,
245,551,795,492,109,098,428,651,680,091,282,185,161,051,231,
130,880,314,290,487,199,296,757,095,570,422,405,527,065,908,
706,053,826,034,477,681,065,728,102,924,576,993,155,058,424,
887,758,957,016,134,051,534,816,446,007,673,568,714,849,667,
367,049,072,884,045,705,380,230,025,954,517,518,843,641,087,
444,402,618,979,022,042,848,046,842,811,387,486,441,734,505,
061,240,866,049,489,256,488,436,882,808,050,668,907,738,353,
267,799,561,133,301,472,513,636,312,575,349,873,788,639,406,
696,058,545,335,789,704,259,407,347,905,785,754,566,413,865,
091,066,296,687,878,843,147,232,460,633,154,184,423,201,648,
506,503,968,276,672,761,175,449,172,749,595,613,863,239,975,
089,610,378,996,970,934,998,880,550,800,193,943,476,515,423,
570,802,340,640,378,991,396,213,402,087,930,016,041,551,325,
415,503,613,590,905,616,847,714,760,591,469,563,188,482,256,
382,652,460,248,965,251,316,142,916,649,705,710,069,105,668,
111,154,106,395,257,130,855,942,718,655,693,785,813,937,621,
953,904,867,453,213,346,921,846,063,752,038,089,916,786,482,
852,584,466,881,812,070,550,126,160,039,931,890,271,260,158,
632,716,574,316,898,352,881,175,940,910,656,360,086,569,281,
250,365,050,930,354,039,951,278,505,936,314,811,032,028,069,
446,213,225,352,246,007,762,147,591,513,943,327,448,494,870,
695,654,222,272,844,180,731,773,398,439,552,866,653,758,232,
076,867,379,761,122,129,728,876,941,447,947,270,350,096,545,
695,211,313,721,925,635,033,037,473,315,499,899,185,783,515,
093,810,738,740,394,877,901,042,394,314,616,886,791,236,950,
529,328,921,986,622,224,269,130,100,240,860,651,514,980,535,
823,781,912,802,830,145,339,722,043,627,265,656,164,777,443,
567,304,587,439,008,499,875,913,849,220,067,625,621,354,903,
291,531,123,553,916,714,436,700,983,637,288,839,570,097,369,
965,505,928,991,060,183,556,058,102,810,196,800,430,873,819,
500,418,674,495,674,552,682,705,670,411,867,290,428,144,481,
637,669,806,502,209,961,184,434,832,407,924,513,821,105,479,
070,590,129,212,838,525,555,995,207,753,475,824,229,211,508,
752,585,043,372,980,392,343,493,345,163,437,251,892,014,829,
613,092,198,251,377,186,147,565,091,458,923,766,770,950,998,
129,777,153,338,503,174,385,926,984,633,418,536,487,345,576,
814,561,189,070,718,005,609,472,852,610,422,112,043,945,644,
783,787,022,876,008,354,673,393,913,543,180,883,453,574,647,
120,170,231,690,323,213,795,512,444,758,082,549,659,460,683,
841,558,335,557,838,338,814,185,496,773,732,023,825,898,764,
837,398,897,162,771,578,519,827,178,635,778,041,620,977,798,
011,487,109,979,044,913,879,582,121,613,664,482,443,034,279,
919,461,389,023,364,006,456,358,027,858,804,331,664,436,831,
141,492,319,628,668,760,273,075,860,819,831,551,960,138,888,
043,831,761,242,150,672,882,991,918,264,665,078,470,891,194,
402,386,684,452,005,160,871,842,097,310,181,207,428,547,756,
653,304,554,633,182,279,352,010,748,279,903,052,604,858,774,
838,114,120,733,580,027,967,355,094,747,567,245,078,807,728,
731,599,415,433,263,297,130,239,489,571,245,018,904,062,395,
289,401,921,401,151,389,937,475,799,175,573,573,878,991,771,
996,113,376,818,355,392,731,963,808,495,913,643,371,288,007,
533,702,350,836,833,713,567,150,036,805,668,350,438,111,878,
758,327,357,839,106,947,080,007,533,949,816,256,364,658,099,
274,350,465,762,636,240,453,941,798,503,847,617,538,072,829,
905,959,794,402,214,874,821,646,735,143,297,950,294,718,972,
726,682,030,598,737,258,540,600,717,441,682,437,701,905,673,
700,279,068,214,826,056,910,995,911,063,929,660,359,667,070,
938,348,010,405,573,787,179,456,041,449,868,461,853,170,341,
688,031,087,421,301,831,198,343,531,382,217,057,206,996,531,
844,096,083,817,970,236,808,742,339,082,793,632,759,130,604,
310,338,311,489,245,448,326,844,463,362,966,639,728,283,886,
910,474,122,599,030,914,353,228,025,021,734,312,609,048,286,
991,462,083,680,322,824,804,740,394,603,871,923,145,697,149,
527,340,659,739,145,011,200,000,000,000,000,000,000,000,000,
000,000,000,000,000,000,000,000,000,000,000,000,000,000,000,
000,000,000,000,000,000,000,000,000,000,000,000,000,000,000,
000,000,000,000,000,000,000,000,000,000,000,000,000,000,000,
000,000,000,000,000,000,000,000,000,000,000,000,000,000,000,
000,000,000,000,000,000,000,000,000,000,000,000,000,000,000,
000,000,000,000,000,000,000,000,000,000,000,000,000,000,000,
000,000,000,000,000,000,000,000,000,000,000,000,000,000,000,
000,000,000,000,000,000,000,000,000,000,000,000,000,000,000,
000,000,000,000,000,000,000,000,000,000,000,000,000,000,000,
000,000,000,000,000,000,000,000,000,000,000,000,000,000,000,
000,000,000,000,000,000,000,000,000,000,000,000,000,000,000,
000,000,000,000,000,000,000,000,000,000,000,000,000,000,000,
000,000,000,000,000,000,000,000,000,000,000,000,000,000,000,
000,000,000,000,000,000,000,000,000,000,000,000,000,000,000,
000,000,000,000,000,000,000,000,000,000,000,000,000,000,000,
000,000,000,000,000,000,000,000,000,000,000,000,000,000,000,
000,000,000,000,000,000,000,000,000,000,000,000,000,000,000,
000,000,000,000,000,000,000,000,000,000,000,000,000,000,000,
000,000,000,000,000,000,000,000,000,000,000,000,000,000,000,
000,000,000,000,000,000,000,000,000,000,000,000,000,000,000,
000,000,000,000,000,000,000,000,000,000,000,000,000,000,000,
000,000,000,000,000,000,000,000,000,000,000,000,000,000,000,
000,000,000,000,000,000,000,000,000,000,000,000,000,000,000,
000,000,000,000,000,000,000,000,000,000,000,000,000,000,000,
000,000,000,000,000,000,000,000,000,000,000,000,000,000,000,
000,000,000,000,000,000,000,000,000,000,000,000,000,000,000,
000,000,000,000,000,000,000,000,000,000,000,000,000,000,000,
000,000,000,000,000,000,000,000,000,000,000,000,000,000,000,
000,000,000,000,000,000,000,000,000,000,000,000,000,000,000,
000,000,000,000,000,000,000,000
-------------------------------------------------------------

Enter another value? No: input 0, Yes: input any number other than 0
Enter the value of the factorial: 
9999! took 37554 milliseconds to compute and contains 
35656 digits.

2,846,259,680,917,054,518,906,413,212,119,868,890,148,051,
401,702,799,230,794,179,994,274,411,340,003,764,443,772,990,
786,757,784,775,815,884,062,142,317,528,830,042,339,940,153,
518,739,052,421,161,382,716,174,819,824,199,827,592,418,289,
259,787,898,124,253,120,594,659,962,598,670,656,016,157,203,
603,239,792,632,873,671,705,574,197,596,209,947,972,034,615,
369,811,989,709,261,127,750,048,419,884,541,047,554,464,244,
213,657,330,307,670,362,882,580,354,896,746,111,709,736,957,
860,367,019,107,151,273,058,728,104,115,864,056,128,116,538,
532,596,842,582,599,558,468,814,643,042,558,983,664,931,705,
925,171,720,427,659,740,744,613,340,005,419,405,246,230,343,
686,915,405,940,406,622,782,824,837,151,203,832,217,864,462,
718,382,292,389,963,899,282,722,187,970,245,938,769,380,309,
462,733,229,257,055,545,969,002,787,528,224,254,434,802,112,
755,901,916,942,542,902,891,690,721,909,708,369,053,987,374,
745,248,337,289,952,180,236,328,274,121,704,026,808,676,921,
045,155,584,056,717,255,537,201,585,213,282,903,427,998,981,
844,931,361,064,038,148,930,449,962,159,999,935,967,089,298,
019,033,699,848,440,466,541,923,625,842,494,716,317,896,119,
204,123,310,826,865,107,135,451,684,554,093,603,300,960,721,
034,694,437,798,234,943,078,062,606,942,230,268,188,522,759,
205,702,923,084,312,618,849,760,656,074,258,627,944,882,715,
595,683,153,344,053,442,544,664,841,689,458,042,570,946,167,
361,318,760,523,498,228,632,645,292,152,942,347,987,060,334,
429,073,715,868,849,917,893,258,069,148,316,885,425,195,600,
617,237,263,632,397,442,078,692,464,295,601,230,628,872,012,
265,295,296,409,150,830,133,663,098,273,380,635,397,290,150,
658,182,257,429,547,589,439,976,511,386,554,120,812,578,868,
370,423,920,876,448,476,156,900,126,488,927,159,070,630,640,
966,162,803,878,404,448,519,164,379,080,718,611,237,062,213,
341,541,506,599,184,387,596,102,392,671,327,654,698,616,365,
770,662,643,863,802,984,805,195,276,953,619,525,924,093,090,
861,447,190,739,076,858,575,593,478,698,172,073,437,209,310,
482,547,562,856,777,769,408,156,407,496,227,525,499,338,411,
280,928,963,751,699,021,987,049,240,561,753,178,634,693,979,
802,461,973,707,904,186,832,993,101,655,415,074,230,839,317,
687,836,692,369,484,902,599,960,772,968,429,397,742,753,626,
311,982,541,668,153,189,176,323,483,919,082,100,014,717,893,
218,422,780,513,518,173,492,190,114,624,687,576,983,537,344,
145,601,312,261,522,139,117,875,968,836,736,408,720,793,700,
299,203,827,919,803,870,237,207,803,914,031,236,899,760,815,
284,030,605,111,670,948,472,222,487,038,919,999,344,207,139,
583,698,306,396,223,207,911,562,404,425,080,891,991,431,983,
712,044,559,834,404,755,675,948,921,210,149,815,245,454,359,
428,541,439,084,356,441,998,422,485,547,853,216,362,403,009,
844,285,533,182,925,315,420,655,123,707,970,581,639,346,029,
624,769,701,038,874,220,644,153,662,673,371,542,870,078,912,
274,934,068,433,644,288,984,710,084,064,160,009,362,393,526,
124,803,797,529,334,392,876,439,831,639,031,277,645,072,247,
926,785,170,082,666,959,838,952,615,075,900,734,921,519,759,
265,919,270,887,320,259,406,638,211,880,198,885,474,826,604,
834,225,645,770,574,397,312,225,970,067,193,606,176,351,357,
952,982,179,429,079,770,532,728,326,750,148,802,444,352,868,
164,502,616,566,283,754,651,900,617,187,344,226,043,891,929,
850,607,151,539,003,110,668,472,736,013,581,670,643,786,175,
675,743,918,437,647,965,813,610,059,963,868,955,233,464,878,
174,614,324,357,322,486,432,679,848,198,145,843,270,303,589,
550,842,053,478,849,336,458,248,259,203,328,808,902,578,238,
823,326,577,020,524,897,093,704,721,021,424,841,334,246,526,
820,680,673,231,421,448,385,407,418,213,962,184,687,010,835,
958,294,696,523,563,276,487,047,571,835,161,687,923,506,836,
627,174,371,191,572,336,114,307,012,112,076,760,869,785,155,
972,184,648,598,591,864,364,171,685,089,962,551,682,091,079,
357,023,111,851,817,477,501,080,462,258,552,131,476,489,749,
066,075,287,708,289,766,751,495,100,968,232,968,973,200,062,
239,288,805,665,803,614,031,128,546,592,908,407,803,397,490,
066,495,320,587,316,494,809,388,381,619,865,885,082,738,246,
803,489,786,475,711,667,989,042,356,801,830,350,413,387,573,
197,263,089,790,943,571,068,779,730,163,391,808,786,847,494,
363,353,389,337,358,690,640,584,841,782,806,519,627,582,643,
442,925,805,842,221,294,764,940,294,862,267,076,183,298,822,
900,407,239,040,373,316,820,741,741,325,165,668,844,307,933,
944,701,920,890,562,078,838,758,534,251,282,095,735,930,701,
819,770,834,016,381,763,827,856,253,951,682,542,664,461,494,
104,471,157,953,326,237,281,546,879,408,042,371,858,742,302,
620,026,422,182,269,418,862,621,210,729,777,665,740,101,837,
618,228,013,685,758,644,218,586,301,153,984,371,229,910,701,
009,406,192,941,322,320,277,319,395,946,700,671,369,537,709,
789,777,811,828,824,244,292,086,481,613,417,956,201,747,183,
160,968,766,104,314,049,795,819,823,644,580,736,820,940,402,
221,118,153,005,143,338,707,660,706,314,961,610,777,111,744,
805,955,276,434,833,338,574,404,021,275,703,185,152,729,837,
743,592,187,855,855,279,559,102,866,445,791,736,200,722,185,
814,330,997,729,477,892,372,071,794,285,775,627,130,092,398,
239,792,195,758,119,726,474,264,287,826,668,235,391,568,785,
727,162,014,619,224,426,626,670,840,076,566,562,580,710,947,
439,874,011,077,281,166,991,880,626,872,662,656,558,334,566,
500,789,030,905,065,607,463,307,802,715,853,081,769,122,377,
281,351,058,452,732,659,162,621,964,762,057,143,488,021,563,
081,525,900,534,372,114,100,030,303,924,286,645,720,732,847,
348,171,203,416,818,632,896,886,504,828,736,793,339,844,397,
123,673,508,452,734,019,630,942,769,765,268,417,017,499,075,
694,798,275,782,583,522,999,431,563,332,210,743,913,155,012,
445,900,532,470,268,031,291,239,229,797,903,041,758,782,339,
862,237,353,505,464,264,691,350,250,395,100,923,928,658,510,
868,208,807,066,273,473,320,035,499,572,039,708,648,806,604,
092,985,460,700,633,940,988,583,634,986,546,613,672,788,074,
876,470,070,245,879,011,804,651,829,611,127,709,060,901,615,
202,211,146,154,315,831,766,995,706,097,461,808,535,939,040,
006,789,287,854,882,785,093,863,735,370,390,404,941,268,461,
899,127,287,156,265,500,127,083,303,995,025,787,993,170,543,
188,275,265,922,581,494,895,074,663,997,600,731,692,731,083,
173,588,305,661,261,478,299,766,318,807,006,304,463,242,911,
226,069,193,127,888,156,622,159,152,327,045,769,586,751,282,
199,093,894,268,660,196,390,448,971,891,859,747,292,531,032,
248,021,054,384,104,432,582,847,283,058,429,780,416,240,510,
811,032,691,400,190,056,878,439,634,150,269,652,104,892,027,
214,023,216,023,489,858,882,737,142,869,533,968,175,510,628,
747,090,747,371,818,801,422,348,724,849,855,819,843,909,465,
170,836,436,899,430,618,965,024,328,835,327,966,719,018,452,
762,055,108,570,762,620,424,450,962,332,320,474,470,783,119,
043,449,935,144,262,550,170,177,101,737,955,112,474,615,947,
173,186,270,156,557,126,629,585,512,507,771,173,833,820,841,
970,589,336,732,372,445,328,045,653,717,851,496,030,880,258,
028,406,784,780,941,464,183,865,922,665,280,686,797,884,325,
066,053,794,304,625,028,710,510,492,934,726,747,126,749,989,
263,462,735,816,714,693,506,049,511,034,075,540,465,817,039,
348,104,675,848,562,596,776,795,976,829,940,933,402,638,726,
937,836,532,091,228,771,807,745,115,262,264,254,877,183,546,
110,888,636,084,327,280,622,777,664,309,728,387,905,672,861,
803,604,863,346,489,337,143,941,525,025,945,965,250,152,095,
953,615,797,713,559,579,496,572,977,565,090,269,442,808,847,
976,127,666,484,700,361,964,890,604,376,193,469,427,044,407,
021,531,794,358,383,105,140,491,546,260,872,848,667,875,054,
167,414,673,164,899,935,638,131,286,693,142,761,686,353,730,
563,458,662,695,789,456,827,506,581,023,595,081,488,877,895,
507,393,936,534,193,736,570,084,831,850,447,568,221,544,406,
759,920,313,807,707,353,997,803,633,926,733,454,954,929,666,
875,992,253,089,389,808,643,060,653,296,179,316,402,961,249,
267,308,063,803,187,391,259,615,113,189,035,935,126,648,081,
856,836,677,028,653,774,239,074,658,239,091,095,551,717,977,
058,079,778,928,975,249,023,073,780,175,314,268,036,391,424,
472,025,772,889,178,495,007,811,788,933,662,975,043,680,421,
466,819,782,427,298,069,757,939,174,222,945,668,318,581,567,
681,628,879,787,062,453,124,665,172,762,275,829,549,342,148,
365,886,891,929,958,740,209,569,600,024,356,030,528,982,986,
638,689,207,699,283,403,054,971,026,651,432,230,612,523,191,
513,184,387,690,382,370,620,539,920,693,394,371,688,046,642,
971,147,674,356,448,637,502,684,769,814,885,310,535,406,332,
884,506,201,217,330,263,067,648,132,293,156,104,355,194,176,
105,071,244,902,487,327,727,311,209,194,586,513,749,319,096,
516,249,769,165,755,381,219,856,643,220,797,866,630,039,893,
866,023,860,735,785,811,439,471,587,280,089,337,416,503,379,
296,583,261,843,607,313,332,752,602,360,511,552,422,722,844,
725,146,386,326,936,976,376,251,019,671,438,012,569,122,778,
442,842,699,944,082,915,221,590,469,443,728,249,865,808,520,
518,657,629,299,277,550,883,312,867,263,841,871,327,778,087,
444,664,387,535,264,473,356,244,113,944,762,878,097,465,068,
395,298,210,817,496,795,883,645,227,334,469,487,379,347,179,
071,006,497,823,646,601,668,057,203,429,792,920,744,682,232,
284,866,583,952,221,144,685,957,285,840,386,337,727,803,022,
759,153,049,786,587,391,951,365,024,627,419,589,908,837,438,
733,159,428,737,202,977,062,020,712,021,303,857,217,593,321,
116,241,333,042,277,374,241,635,355,358,797,706,530,964,768,
588,607,730,143,277,829,032,889,479,581,840,437,885,856,777,
293,209,447,677,866,935,753,746,004,814,237,674,119,418,267,
163,687,048,105,691,115,621,561,435,751,629,052,735,122,435,
008,060,465,366,891,745,819,654,948,260,861,226,075,029,306,
276,147,881,326,895,528,073,614,902,252,581,968,281,505,103,
331,813,212,965,966,495,815,903,042,123,877,564,599,097,329,
672,806,668,384,916,625,794,974,792,290,536,184,556,374,103,
479,143,077,156,116,865,048,429,249,028,110,299,252,967,873,
529,876,782,926,904,078,877,848,026,247,922,275,073,594,840,
581,743,908,625,187,794,689,004,594,206,016,860,514,277,224,
448,627,246,991,114,620,014,988,066,272,353,883,780,938,062,
854,438,476,305,323,507,013,202,802,948,839,200,813,213,544,
645,005,613,498,701,783,427,110,615,817,728,981,929,065,649,
868,808,104,556,223,370,306,725,425,127,727,733,028,349,843,
359,577,257,595,622,470,370,779,338,714,659,303,308,862,969,
944,031,833,266,579,751,467,650,271,734,629,888,377,739,784,
821,870,071,802,674,126,599,715,872,803,544,047,843,247,867,
490,712,792,167,289,852,358,848,694,354,669,225,510,133,760,
637,791,516,459,725,425,711,696,847,733,995,115,899,834,908,
188,828,126,398,440,050,554,621,006,698,879,261,455,821,456,
531,969,690,982,725,393,451,576,040,861,347,625,877,816,586,
729,441,077,535,882,416,231,577,908,253,805,474,693,354,058,
246,971,767,432,452,345,149,848,302,717,039,654,388,773,763,
735,819,173,658,245,427,334,749,042,426,294,601,129,988,191,
656,371,384,711,184,915,691,505,476,814,041,174,980,145,426,
571,239,420,442,544,102,807,580,600,138,819,865,061,375,928,
853,903,892,264,432,294,799,028,648,284,009,959,867,596,358,
099,911,269,536,760,152,717,308,685,275,657,214,758,350,712,
229,829,652,956,491,783,507,175,083,574,136,228,254,505,562,
027,096,941,747,679,925,922,977,488,862,741,131,458,767,614,
753,145,689,532,809,311,705,269,648,641,018,740,767,329,698,
664,923,643,738,256,547,502,281,647,192,681,555,988,319,662,
984,830,777,666,684,062,231,431,588,438,491,051,905,828,181,
674,076,446,303,330,011,971,029,303,645,586,659,465,186,907,
447,525,083,784,198,762,299,041,591,179,368,279,976,065,418,
608,872,162,665,488,649,234,439,103,092,325,691,063,377,596,
973,905,178,112,276,466,848,679,173,604,940,439,370,333,935,
190,060,938,726,839,729,924,647,848,372,727,477,097,746,669,
359,978,485,712,015,678,900,024,194,726,922,097,498,412,732,
314,740,154,998,092,038,145,982,141,648,117,635,714,780,155,
423,159,966,783,853,485,448,640,693,641,055,691,353,133,523,
118,405,358,134,894,093,819,182,189,869,482,538,396,098,994,
282,202,759,933,963,520,621,770,534,357,207,339,625,057,421,
676,946,510,160,849,560,143,930,324,430,427,157,609,952,730,
868,460,920,442,222,610,315,422,998,444,480,211,009,816,133,
382,482,737,521,899,873,820,531,516,492,713,449,810,595,015,
997,480,057,159,191,220,215,448,774,875,010,347,324,619,063,
394,130,303,089,239,941,198,500,622,590,218,416,440,998,817,
321,432,442,210,855,424,862,089,625,026,060,439,818,018,902,
631,778,114,661,745,499,977,144,066,523,286,384,636,384,700,
165,561,815,386,109,818,811,118,173,419,130,550,502,486,034,
585,675,558,563,751,172,977,429,932,907,494,423,657,966,833,
270,091,836,733,897,734,790,175,924,888,566,037,995,277,154,
056,908,301,731,172,389,414,032,615,961,229,291,222,519,109,
594,874,380,567,338,127,853,861,649,184,278,693,841,755,689,
804,710,085,986,837,203,361,517,515,809,702,256,627,520,016,
095,619,222,992,540,175,987,852,203,854,591,377,178,397,638,
981,119,848,580,329,104,875,166,692,119,510,451,489,667,776,
159,824,946,872,742,066,343,759,320,785,261,892,268,728,552,
767,132,488,326,779,415,291,283,916,540,796,834,419,023,909,
480,367,668,870,783,801,136,704,275,397,139,620,142,478,493,
519,673,530,144,440,403,782,352,667,443,755,674,088,302,522,
574,527,380,620,998,045,123,318,810,272,901,204,299,798,900,
542,312,621,796,813,523,775,804,116,251,145,917,599,327,913,
417,650,729,282,676,223,689,729,196,052,828,967,522,352,142,
523,421,724,784,186,931,739,746,041,187,763,460,462,563,713,
530,980,159,061,773,675,871,533,680,395,855,905,482,736,187,
611,215,138,467,343,288,432,509,004,564,535,818,668,190,510,
873,179,134,621,573,033,954,058,098,717,201,384,437,709,927,
953,279,767,553,109,938,136,584,040,355,679,573,189,414,197,
651,143,632,552,627,063,974,314,652,634,812,003,272,009,675,
566,770,192,624,258,505,777,061,789,379,823,109,698,678,844,
854,665,952,732,706,167,030,891,827,720,643,255,191,939,367,
359,134,603,775,708,319,318,084,592,956,515,887,524,459,760,
172,945,572,050,559,508,592,917,550,651,011,566,507,552,163,
514,231,815,354,817,688,419,603,208,505,087,149,627,049,401,
768,418,398,058,259,403,818,259,398,646,126,027,595,424,743,
337,622,625,628,715,391,606,902,509,898,507,079,866,062,173,
220,016,359,393,861,147,539,456,140,663,567,571,852,661,703,
147,145,351,675,300,749,921,386,520,776,852,382,488,460,062,
373,589,660,805,495,165,240,648,054,729,586,991,869,435,881,
119,783,368,014,148,807,832,121,345,715,236,012,406,592,220,
850,891,295,690,783,537,057,673,467,166,786,378,090,881,128,
345,039,578,481,221,210,111,725,071,838,335,908,388,618,757,
466,120,131,729,821,713,107,294,473,765,626,517,231,069,488,
442,549,836,951,414,738,389,247,774,232,094,020,783,120,080,
723,532,628,805,390,626,601,818,605,042,493,878,867,787,249,
550,325,542,428,422,659,627,105,069,264,607,176,746,750,233,
780,567,189,345,011,073,737,703,411,934,611,337,403,386,536,
467,513,673,366,139,473,155,021,145,710,467,116,144,525,332,
485,019,790,108,343,164,198,999,841,404,504,490,113,016,375,
952,067,571,556,750,948,524,358,026,910,407,763,721,099,867,
162,425,479,538,531,285,288,993,095,657,072,921,867,352,321,
666,609,787,498,963,536,261,052,982,147,256,948,279,999,622,
082,577,584,098,845,848,425,039,118,944,760,872,968,518,498,
397,636,791,824,226,657,116,716,658,015,791,450,081,165,719,
220,023,375,976,531,749,592,239,788,498,281,470,550,619,068,
927,562,521,046,218,566,130,580,025,560,797,460,972,671,503,
332,703,231,002,527,464,042,875,555,654,688,376,583,880,254,
322,740,350,743,168,427,862,063,769,705,479,172,648,437,817,
444,636,152,057,093,322,858,728,431,569,075,625,556,930,555,
881,882,260,359,000,673,933,995,250,437,988,747,093,507,927,
618,111,627,630,977,125,798,397,599,652,661,212,031,749,588,
205,943,575,488,386,228,250,840,140,888,572,058,399,240,097,
121,921,254,807,409,775,297,427,877,591,256,602,644,348,271,
364,723,184,912,518,086,627,870,862,611,669,998,963,481,240,
580,368,479,458,736,482,012,465,366,322,888,901,163,657,227,
088,775,773,615,200,345,010,226,889,018,910,167,357,205,866,
141,001,172,366,476,265,783,539,636,429,781,901,164,705,617,
027,963,192,233,229,422,873,930,923,333,074,825,893,762,619,
899,759,653,008,413,538,324,112,589,963,962,944,512,908,280,
202,322,549,893,662,750,649,953,083,892,563,224,679,469,596,
066,904,690,668,629,264,500,621,974,012,178,289,987,297,970,
485,902,177,506,009,289,332,895,727,239,201,958,999,447,194,
514,736,085,077,040,072,571,743,931,814,846,190,940,626,954,
528,503,052,634,100,056,502,222,615,230,936,488,288,712,204,
645,426,770,057,714,899,433,514,716,250,425,236,517,371,026,
606,864,725,345,812,018,668,327,395,368,254,745,653,655,359,
754,668,578,870,005,698,836,028,668,645,074,025,699,308,748,
344,109,408,608,630,370,790,829,524,057,673,168,494,185,581,
048,247,530,475,892,339,280,157,130,282,410,623,499,994,593,
239,052,140,985,655,956,566,134,600,339,615,051,516,475,885,
274,221,473,251,799,954,897,799,284,952,274,602,985,566,670,
081,187,120,085,615,501,645,740,048,417,021,030,303,899,633,
925,333,746,655,681,782,441,073,740,933,691,929,410,463,230,
773,199,475,982,630,738,349,960,077,037,241,044,628,541,464,
870,411,627,389,564,983,455,516,216,568,511,455,138,382,204,
700,548,399,667,170,624,646,756,610,129,138,204,890,912,111,
722,938,624,425,315,891,306,698,746,204,558,724,480,605,282,
937,814,830,262,216,454,228,042,175,776,076,236,545,982,822,
307,081,550,346,940,493,831,775,505,330,509,469,899,947,611,
941,923,128,072,180,721,696,437,843,331,360,676,067,696,518,
713,839,433,877,248,549,368,906,184,570,057,204,369,666,646,
508,073,449,581,449,596,630,624,669,867,983,287,258,630,006,
421,522,021,017,181,391,732,527,517,367,226,262,145,494,546,
850,600,633,469,271,383,831,171,584,975,309,264,325,248,696,
022,005,909,980,266,376,538,622,546,326,516,841,496,330,636,
954,808,655,110,125,675,771,789,061,669,475,834,404,348,621,
848,536,959,160,217,203,045,618,349,752,416,203,992,644,133,
165,188,476,860,683,064,200,485,855,792,447,334,029,014,258,
887,640,371,251,864,222,901,633,369,158,506,327,372,719,959,
636,291,278,334,478,621,888,787,100,953,375,355,105,468,898,
023,637,826,371,492,691,328,956,433,944,089,947,012,145,213,
457,211,771,565,759,145,173,489,519,501,680,062,135,392,717,
541,984,387,616,354,347,980,692,088,666,622,709,951,237,170,
624,192,491,428,257,645,312,576,993,973,534,167,304,686,458,
518,197,966,823,201,569,379,268,492,699,998,399,241,357,194,
149,688,227,370,402,282,080,517,180,800,340,048,061,526,179,
201,397,894,518,629,529,055,844,070,373,830,053,355,242,115,
390,338,518,582,936,677,919,061,011,630,623,367,314,441,920,
289,385,720,185,556,959,633,083,361,545,029,042,482,230,929,
708,712,478,800,201,738,307,206,048,268,015,667,539,759,378,
993,179,351,579,995,892,956,215,630,733,841,629,459,990,027,
673,083,282,771,659,506,421,796,652,319,043,925,054,322,675,
373,181,175,531,547,678,073,947,033,893,118,510,729,772,431,
837,897,267,495,745,577,818,334,549,594,231,735,355,829,104,
696,731,539,127,597,568,728,186,169,116,108,315,633,723,263,
996,888,149,054,394,326,119,718,227,499,679,117,662,855,340,
186,019,831,580,962,998,179,110,720,880,499,229,201,606,205,
906,727,127,359,946,187,163,494,577,499,580,533,794,718,710,
545,645,257,939,602,421,025,913,641,552,839,839,520,177,301,
271,251,489,205,106,170,822,800,833,998,566,578,664,692,073,
711,426,968,230,177,041,632,482,947,940,955,869,469,908,937,
916,519,100,630,518,535,210,234,518,979,812,761,914,306,186,
436,270,308,197,712,499,275,105,673,290,948,120,205,774,710,
068,770,337,970,893,422,920,718,390,374,416,750,349,381,883,
634,222,928,494,679,066,028,567,429,325,164,256,904,436,347,
308,765,679,705,659,567,728,529,108,124,273,315,440,658,019,
980,271,157,912,625,417,279,745,286,257,486,592,193,329,380,
591,523,952,473,551,888,711,986,039,131,965,428,757,629,019,
050,396,408,356,024,627,753,431,440,915,564,218,172,945,994,
159,606,197,962,263,324,271,586,342,597,794,734,868,207,480,
202,153,873,472,970,799,975,333,298,778,553,105,382,016,216,
979,188,038,075,300,633,435,076,614,773,713,593,936,265,190,
522,224,252,814,108,474,704,529,568,864,775,791,350,216,092,
204,034,844,914,995,077,874,310,718,965,572,549,265,128,269,
348,951,579,507,548,617,234,139,461,036,517,661,675,032,994,
864,224,403,965,951,188,226,498,131,592,508,018,512,638,663,
530,862,222,349,109,462,905,931,782,940,819,564,048,470,245,
653,830,543,205,650,692,442,267,186,325,530,764,076,187,208,
678,039,171,135,636,350,126,952,509,129,102,049,604,282,323,
262,899,650,275,895,105,284,436,817,741,573,094,187,489,442,
806,542,756,143,097,582,812,769,812,493,699,331,302,894,667,
056,041,408,430,894,223,114,091,272,223,814,847,036,434,101,
963,041,363,073,677,106,003,815,959,082,974,641,011,442,135,
832,104,257,435,835,022,073,717,321,974,508,903,557,318,735,
044,582,723,877,072,827,140,616,299,791,962,935,722,410,447,
715,505,165,253,586,754,410,939,507,921,836,901,526,113,844,
038,268,005,415,092,434,651,171,143,647,789,944,455,399,365,
366,772,758,956,571,398,750,554,299,082,458,560,951,003,693,
466,310,067,371,470,802,992,765,693,343,550,092,718,985,405,
010,991,747,497,999,155,439,203,190,896,196,761,544,468,604,
817,540,069,568,947,146,392,824,538,380,701,044,418,104,550,
617,130,516,058,435,581,752,103,233,846,582,920,107,103,006,
112,428,340,745,860,700,606,019,483,055,136,486,702,102,036,
470,847,080,742,270,437,189,370,696,568,879,561,792,871,304,
522,451,684,202,740,202,196,641,560,528,033,506,129,355,873,
907,939,352,440,409,258,424,838,060,717,744,460,996,403,522,
189,102,296,190,903,256,904,238,137,449,249,490,689,231,433,
088,422,439,963,139,639,154,585,406,528,632,646,880,758,114,
874,837,140,828,417,645,522,638,631,352,026,489,401,626,249,
480,238,856,823,159,910,295,262,033,712,644,927,990,193,821,
113,451,844,638,754,451,639,123,937,797,419,057,664,991,176,
423,763,772,228,280,231,846,573,805,012,127,780,968,031,569,
147,726,491,025,750,350,875,879,224,811,022,354,452,441,087,
244,856,570,075,518,713,214,659,209,354,850,455,282,917,074,
959,677,540,445,077,949,483,637,175,606,232,692,575,741,281,
311,024,191,037,333,808,043,432,531,088,469,483,155,572,940,
226,539,497,291,381,758,133,861,945,705,779,956,180,875,595,
141,364,490,761,310,961,715,592,837,658,584,003,648,937,407,
682,225,752,393,598,873,108,168,966,768,828,740,383,719,282,
769,043,151,410,699,767,830,381,908,569,071,309,193,134,084,
601,951,114,748,276,635,072,467,653,492,204,005,862,667,763,
293,551,663,193,962,249,897,991,270,800,446,598,226,489,912,
522,681,312,430,052,810,499,505,859,567,652,712,359,149,444,
261,255,443,761,864,502,920,288,135,858,287,178,957,722,411,
638,081,516,183,160,312,972,879,698,748,013,982,862,164,562,
919,615,309,635,833,731,361,972,477,333,235,302,546,657,119,
690,261,123,738,062,903,024,290,427,579,454,903,002,266,084,
744,651,316,174,169,191,685,174,646,494,545,969,600,533,088,
525,279,208,347,249,523,547,311,067,410,909,922,354,105,550,
629,968,764,215,395,124,935,598,631,134,666,172,511,689,078,
563,332,893,556,915,044,948,518,911,348,830,187,636,510,063,
850,256,591,643,302,192,856,559,626,391,438,289,506,832,483,
872,716,561,656,011,153,151,705,522,295,576,594,497,245,478,
881,553,231,641,745,326,716,797,886,114,116,535,559,758,833,
197,963,807,096,299,888,076,730,361,694,031,773,644,814,042,
786,778,425,123,244,997,469,342,134,821,717,959,519,069,820,
460,299,717,200,117,485,730,388,971,920,559,741,474,245,301,
113,586,976,625,660,777,097,022,563,326,170,110,846,378,479,
555,525,850,457,805,887,944,075,606,497,412,797,453,091,841,
840,520,755,852,646,220,882,148,364,675,465,223,760,921,078,
753,919,045,468,485,234,975,998,604,494,332,282,807,312,067,
992,240,247,750,751,410,589,077,462,733,431,909,125,545,135,
222,532,927,591,384,204,738,460,305,616,315,423,655,293,531,
227,838,975,944,651,578,733,734,346,317,228,000,103,138,042,
548,140,402,209,058,040,505,600,386,093,740,343,506,886,308,
143,468,384,890,070,893,856,505,002,756,905,967,806,940,469,
843,518,453,513,414,103,161,513,368,304,371,478,664,292,538,
971,716,597,862,901,072,840,075,893,970,038,831,774,264,816,
372,511,327,736,992,682,770,946,534,258,359,611,188,195,509,
246,206,215,397,812,119,724,476,262,377,153,445,204,806,981,
908,252,494,396,396,225,111,383,117,742,897,853,582,559,083,
249,048,049,751,604,710,425,756,975,344,255,151,577,981,560,
037,084,723,060,348,475,397,751,368,839,040,431,601,748,624,
887,133,931,181,852,302,942,542,567,620,248,568,839,397,083,
674,878,845,378,917,257,414,515,591,791,903,539,853,507,720,
090,059,497,935,293,945,963,121,344,550,336,826,069,005,982,
871,772,353,337,522,194,191,554,730,374,206,234,326,289,296,
839,701,505,889,219,111,204,924,986,479,205,341,087,234,911,
543,098,718,216,005,576,220,907,573,230,462,610,659,774,494,
765,834,631,302,559,863,631,502,995,967,235,247,694,397,546,
253,020,678,819,330,437,228,480,020,930,535,415,564,066,483,
856,937,814,460,313,869,756,345,920,023,346,260,699,595,551,
348,475,414,789,118,083,032,981,642,158,745,292,295,267,893,
792,564,775,202,905,267,534,935,667,374,429,318,267,337,457,
164,246,540,774,826,790,104,677,875,908,540,813,053,144,717,
645,586,989,416,966,894,043,648,995,246,524,744,398,834,958,
387,120,629,648,541,335,755,381,341,950,049,874,381,336,906,
270,397,387,458,660,429,687,159,582,071,576,659,982,660,731,
700,562,446,554,176,302,450,134,915,956,728,894,261,974,614,
449,690,867,165,585,978,272,922,870,272,377,483,509,736,290,
101,913,041,781,273,577,303,778,180,408,158,913,600,520,731,
580,694,103,430,500,318,434,934,236,026,924,473,306,001,386,
111,978,177,447,266,960,892,832,105,254,311,649,603,342,010,
203,260,386,367,253,288,964,833,340,586,220,484,361,657,536,
200,146,840,547,664,966,647,356,697,957,295,339,480,913,826,
370,332,422,093,083,936,695,498,068,824,049,162,206,314,791,
149,464,204,250,002,245,041,342,555,856,193,744,290,525,725,
243,632,005,448,744,152,430,730,521,507,049,102,043,407,657,
247,686,509,575,117,412,541,372,953,164,452,176,557,723,534,
860,182,156,683,335,252,053,283,000,010,834,400,876,226,684,
381,702,323,560,564,515,825,695,417,735,919,781,364,997,555,
960,191,256,774,494,271,798,636,004,584,740,520,929,008,939,
731,527,602,430,495,165,386,443,138,814,787,697,754,147,875,
743,261,015,987,970,975,885,562,580,676,619,797,309,847,246,
076,948,482,112,794,842,797,653,660,705,505,163,910,441,502,
255,442,032,972,129,203,300,935,335,668,729,459,591,232,796,
588,637,648,689,418,843,364,054,849,400,957,496,579,165,768,
721,392,733,015,355,509,786,511,476,794,739,969,062,318,487,
837,751,546,261,382,365,166,595,633,720,934,570,820,830,184,
048,279,700,572,807,143,292,572,757,743,622,958,704,736,164,
160,973,181,724,159,420,427,036,606,640,408,974,024,552,153,
072,522,738,863,724,185,964,645,522,367,326,041,116,459,846,
402,001,021,692,082,331,515,538,882,107,152,719,126,787,653,
179,507,190,820,452,510,044,782,129,131,854,405,481,449,415,
186,711,420,710,369,389,112,912,501,275,085,346,633,771,774,
937,601,654,345,469,639,004,271,112,982,925,509,683,042,066,
572,536,427,947,220,002,083,531,388,370,878,164,995,718,971,
762,933,879,485,427,127,688,265,200,376,632,592,456,161,486,
874,489,747,151,936,621,927,566,585,246,211,445,740,701,067,
538,042,756,418,444,083,480,520,383,826,505,260,169,858,406,
008,478,842,242,188,785,692,789,775,181,044,280,547,442,722,
945,516,742,033,568,646,060,997,797,312,495,043,332,142,520,
505,367,579,049,952,078,359,765,041,537,900,113,257,953,604,
065,517,265,487,902,217,359,544,415,113,942,923,164,895,066,
317,781,303,905,746,208,244,917,192,131,186,412,963,370,466,
140,645,690,017,894,235,673,877,552,313,095,278,591,277,453,
324,185,544,248,448,449,366,421,073,134,881,918,064,018,922,
231,730,215,664,581,347,318,644,999,790,578,166,209,146,987,
071,803,938,888,578,128,074,022,636,360,229,411,435,486,987,
140,214,357,205,594,773,089,280,865,367,892,020,193,510,260,
536,156,792,448,327,674,947,611,785,831,607,186,571,031,084,
220,056,025,954,511,519,139,130,911,954,444,784,436,103,274,
187,610,233,884,339,168,758,923,342,379,085,984,196,826,652,
561,062,875,123,757,231,849,147,495,194,598,572,889,793,498,
179,176,182,265,248,040,823,712,810,979,077,263,886,428,606,
791,708,228,857,585,270,347,083,971,456,161,992,624,784,479,
469,279,499,684,594,563,238,270,229,736,417,350,343,078,319,
411,569,824,782,001,329,085,120,287,847,480,586,018,896,004,
590,174,597,405,563,073,271,448,767,908,528,886,797,880,997,
069,524,068,100,662,561,144,001,498,341,358,088,973,724,684,
406,494,885,707,416,768,791,641,322,420,537,365,406,733,018,
639,249,791,091,547,478,595,916,386,559,750,709,058,117,592,
489,950,221,479,925,094,563,558,251,431,581,446,406,013,428,
349,042,279,835,793,965,925,898,520,076,384,564,668,164,073,
268,192,834,600,776,728,587,628,490,006,887,456,463,927,496,
441,590,403,403,367,233,781,449,159,703,294,178,729,415,506,
105,412,951,540,015,939,385,166,392,932,567,742,955,754,948,
004,665,827,357,965,399,094,023,354,364,464,937,682,727,254,
187,362,754,753,297,680,819,032,533,614,108,643,308,423,777,
173,899,522,153,676,309,530,204,590,243,869,463,270,289,529,
399,448,301,357,758,908,121,488,455,849,381,987,450,592,091,
406,720,952,246,909,626,307,694,175,334,098,369,885,936,370,
031,497,372,897,799,636,001,862,650,017,492,929,008,793,118,
999,782,296,371,230,664,229,799,616,358,257,260,011,228,898,
364,765,141,804,597,577,004,212,083,394,936,465,964,733,646,
428,904,449,932,539,622,709,190,737,370,577,205,132,281,595,
786,322,759,191,278,605,429,786,295,318,861,555,980,472,816,
071,086,413,280,358,540,016,005,557,568,685,579,178,597,789,
919,790,265,659,262,128,300,722,535,140,152,597,356,930,072,
901,539,221,111,686,850,474,040,217,217,444,205,173,800,025,
136,100,049,453,411,932,433,166,834,424,312,596,309,881,239,
696,220,235,885,839,558,783,168,519,483,312,665,357,735,324,
437,993,568,321,526,917,704,224,903,457,453,485,891,381,258,
268,136,690,892,947,680,905,263,556,063,811,966,130,606,393,
693,841,181,771,354,592,988,431,723,291,223,626,245,886,839,
420,288,998,169,356,116,986,542,988,477,651,311,822,766,252,
673,997,880,881,601,047,065,154,233,501,567,135,374,481,708,
623,431,466,253,119,029,104,015,226,292,710,409,928,507,241,
884,332,900,727,779,475,411,163,755,217,656,358,931,632,663,
604,938,121,840,183,751,281,888,477,116,897,547,948,376,766,
408,484,275,362,307,401,954,218,321,798,549,626,066,659,034,
792,581,634,239,267,094,783,990,706,292,316,653,503,728,501,
975,132,481,380,383,707,089,463,892,547,088,703,908,572,358,
100,613,062,864,666,471,000,610,435,211,577,892,661,343,221,
465,531,141,188,259,694,292,628,452,210,902,668,841,497,576,
334,155,492,113,558,125,461,655,807,827,347,011,581,400,600,
834,576,213,313,038,998,784,327,065,371,995,670,957,084,738,
578,609,264,918,885,837,873,923,916,555,426,357,730,129,224,
364,160,406,255,173,689,233,563,656,885,436,585,164,620,782,
187,574,172,436,452,581,414,348,763,276,134,175,270,737,675,
492,227,628,778,226,476,515,431,534,158,571,377,352,273,033,
540,337,636,420,425,803,425,726,474,968,621,782,366,695,135,
341,067,737,842,113,137,113,198,737,322,289,180,527,506,281,
227,771,641,249,441,240,120,712,595,431,999,174,657,474,589,
258,261,371,282,555,553,508,040,414,394,455,729,599,455,463,
560,848,725,133,946,293,635,894,083,209,896,480,161,958,313,
042,972,096,479,412,853,938,899,626,536,892,826,380,767,716,
875,958,850,221,646,458,243,094,016,500,968,879,736,615,773,
356,031,683,671,038,689,522,827,094,150,954,522,274,400,273,
549,925,367,021,471,599,405,654,481,384,218,638,012,879,990,
082,093,357,632,073,636,940,599,142,426,371,829,400,061,374,
190,057,951,309,629,854,533,074,819,780,256,830,108,967,287,
380,223,482,048,886,297,313,036,968,988,264,065,790,478,156,
238,977,848,536,502,569,106,423,179,573,602,533,090,876,327,
178,491,118,974,843,224,686,808,634,038,396,417,612,760,578,
864,657,447,228,482,493,268,744,306,255,122,050,695,516,846,
466,947,718,368,191,143,287,354,481,583,635,054,814,641,109,
996,014,339,059,579,976,629,064,688,129,502,503,915,092,363,
301,107,607,063,286,331,739,337,814,969,338,024,758,003,505,
278,978,275,575,092,860,403,942,050,634,293,932,706,463,616,
103,182,287,924,815,267,930,686,274,923,727,563,185,222,565,
426,600,855,684,949,772,028,590,915,093,049,542,596,747,364,
833,143,723,634,955,544,890,159,866,840,836,217,691,355,965,
603,951,967,042,536,886,348,236,958,712,946,252,475,903,177,
681,318,497,758,827,657,674,048,255,813,650,210,364,958,550,
570,325,921,995,767,533,426,422,378,372,358,605,850,940,358,
397,710,347,667,064,478,864,083,110,965,030,256,521,560,746,
401,965,271,699,973,237,346,523,717,345,659,551,455,949,309,
816,664,400,621,159,934,913,318,013,515,052,865,184,217,882,
802,634,332,593,475,585,076,116,869,770,912,558,005,618,568,
371,054,085,608,124,951,940,314,806,461,871,940,257,766,328,
526,701,969,838,756,756,152,469,675,902,810,686,489,686,929,
331,595,435,209,768,752,713,720,161,616,093,117,425,019,970,
928,968,494,003,469,624,232,568,841,066,511,330,437,741,225,
617,625,865,894,123,672,817,114,552,642,389,451,263,171,783,
479,027,692,117,145,288,735,295,501,933,675,921,890,800,604,
863,373,778,672,818,061,025,478,257,043,678,844,950,351,892,
578,749,983,669,478,590,861,297,554,308,412,267,706,095,434,
761,213,371,743,315,678,379,016,201,233,723,702,333,831,641,
470,642,859,218,597,761,015,823,272,199,791,506,287,186,818,
675,098,166,553,774,501,302,088,033,390,435,363,977,026,336,
380,909,852,649,453,262,814,655,806,554,650,482,348,642,949,
539,061,325,740,049,691,288,834,051,822,293,364,447,668,385,
503,796,797,580,961,998,357,580,702,775,953,596,878,822,619,
465,961,222,304,454,927,560,027,495,516,858,354,258,229,533,
604,283,442,631,847,806,882,539,545,074,669,187,789,776,540,
603,843,251,284,381,281,131,685,620,460,861,728,940,822,965,
862,617,442,076,692,029,742,793,008,812,951,985,467,871,354,
862,323,661,041,321,658,127,926,715,154,596,159,435,259,345,
675,744,599,230,788,920,551,954,008,231,640,971,959,125,002,
545,523,750,310,673,563,974,883,554,248,044,968,138,303,067,
185,193,149,133,578,920,212,360,530,819,995,202,058,450,342,
349,993,215,096,263,497,781,245,665,830,468,058,182,456,352,
481,462,584,933,192,619,540,688,481,844,644,524,842,948,606,
301,616,947,666,324,262,523,147,632,237,110,969,536,948,382,
448,231,641,039,622,450,767,540,561,428,746,826,783,572,370,
489,560,699,065,279,268,845,584,451,204,665,485,337,853,402,
664,664,504,233,963,848,825,771,987,495,361,130,049,421,559,
373,554,521,192,618,672,147,826,541,688,560,409,492,829,005,
661,688,380,763,765,669,051,074,089,251,054,916,522,296,887,
867,696,863,165,251,491,770,149,990,006,663,734,454,612,026,
278,070,192,569,870,622,554,092,894,519,471,877,800,430,613,
002,182,828,742,586,704,874,848,082,694,857,344,477,824,407,
873,410,271,082,487,026,952,383,080,491,096,048,201,390,129,
402,463,124,480,015,933,667,021,265,831,767,787,975,296,596,
347,257,689,432,654,043,588,926,729,395,068,786,083,062,626,
626,328,739,208,732,730,254,791,009,993,211,338,897,780,781,
433,672,879,144,876,837,368,646,774,852,877,773,740,354,747,
287,164,421,776,782,071,296,450,627,088,097,863,792,814,407,
119,250,514,114,800,490,705,560,809,722,929,979,244,147,106,
285,224,702,987,069,986,922,767,634,177,351,325,860,290,890,
387,570,745,436,807,787,642,238,533,370,069,208,961,635,100,
923,358,730,398,654,390,607,188,095,255,755,338,036,472,589,
500,730,677,212,252,807,817,947,105,648,117,137,855,745,105,
769,104,432,292,542,902,414,943,358,839,609,367,932,136,169,
695,425,129,973,103,103,280,443,695,450,192,984,382,084,238,
312,126,582,574,059,450,942,694,277,730,712,480,217,691,578,
183,572,008,717,053,877,325,601,798,713,300,550,591,137,782,
384,179,164,028,084,140,962,382,084,763,739,301,393,077,842,
855,454,522,236,755,982,466,625,060,875,428,487,610,414,566,
136,222,764,240,591,430,445,558,085,631,818,093,523,040,779,
389,161,490,211,629,240,051,507,491,406,844,320,323,036,560,
995,487,862,099,919,430,656,445,533,254,713,555,736,531,851,
601,170,032,155,069,078,771,675,206,288,152,788,589,714,941,
032,098,698,408,304,896,652,435,103,050,244,467,993,177,914,
765,910,342,894,912,905,412,036,160,169,567,122,214,080,636,
940,594,030,455,218,621,287,993,309,285,623,102,241,844,636,
528,909,744,464,015,198,662,318,388,196,244,482,259,078,358,
591,404,368,619,301,904,145,896,269,387,890,703,498,216,986,
869,693,444,808,621,399,053,459,179,282,665,430,479,820,721,
963,413,475,564,652,548,314,377,115,667,845,907,779,719,651,
077,246,800,029,358,154,626,764,631,022,427,900,731,363,135,
252,206,706,295,112,593,587,447,313,418,649,249,728,278,479,
664,458,544,896,293,290,526,205,806,524,858,870,702,087,938,
913,447,608,334,465,317,093,924,240,824,932,800,891,573,131,
954,134,831,182,092,775,248,688,054,873,394,331,586,756,266,
612,217,935,505,119,060,999,291,137,944,563,499,562,739,189,
845,902,902,171,315,570,609,626,788,167,330,294,019,846,423,
739,044,509,802,803,094,897,598,125,925,205,585,097,353,743,
655,682,578,031,368,190,200,715,167,569,382,728,181,882,458,
754,171,072,118,080,655,644,803,912,250,453,708,942,269,535,
838,219,253,507,569,283,409,563,985,926,559,974,039,131,670,
929,004,399,627,597,683,037,521,750,336,087,902,829,567,306,
886,226,307,772,973,353,385,368,266,873,451,903,570,970,968,
732,232,373,830,049,409,012,323,927,431,875,904,652,632,709,
517,840,626,726,482,889,364,689,659,321,916,952,110,636,172,
975,707,437,614,806,160,133,110,491,169,227,131,860,940,414,
501,484,286,642,363,471,698,289,241,818,048,436,523,053,886,
455,980,983,927,383,649,068,548,082,301,426,780,314,393,744,
043,180,782,267,877,949,400,620,648,915,124,895,251,654,300,
563,444,837,504,675,175,420,704,331,337,248,687,063,323,756,
164,523,236,048,193,202,437,759,689,091,478,337,217,955,367,
699,260,323,571,518,551,339,109,840,273,906,375,328,070,231,
330,175,575,426,939,620,262,942,391,094,532,353,791,012,594,
896,494,181,256,367,299,296,708,425,066,759,980,345,627,345,
559,855,962,851,228,141,458,255,602,484,178,330,564,524,050,
845,006,598,875,598,751,860,133,586,062,493,278,448,777,200,
684,229,659,194,551,653,956,298,296,059,161,004,657,890,721,
484,205,486,183,041,817,560,455,981,516,808,803,178,308,026,
144,599,444,467,791,801,243,214,640,098,361,067,868,341,297,
487,259,672,925,878,680,622,308,011,582,202,628,901,436,445,
900,230,164,582,366,670,926,557,126,455,992,579,062,230,474,
523,562,557,511,177,079,151,200,278,938,097,577,546,854,612,
101,730,752,279,924,140,702,630,813,779,297,190,946,141,314,
580,208,108,773,812,162,453,985,876,969,737,142,588,183,615,
260,506,938,092,691,771,208,732,191,500,583,197,711,332,279,
357,238,507,194,061,276,129,187,257,209,940,493,025,027,774,
815,661,402,132,743,474,388,196,641,333,005,263,422,908,290,
640,092,794,492,480,855,613,118,344,016,180,480,135,703,250,
783,632,393,892,156,764,315,962,044,261,280,970,094,410,777,
613,063,890,907,129,445,639,405,660,155,924,602,545,420,477,
118,614,042,015,523,337,127,050,137,712,103,457,000,957,800,
938,926,532,938,572,047,857,650,877,714,966,340,300,356,238,
059,575,719,160,938,217,131,222,281,046,585,838,894,350,717,
643,193,997,301,266,159,142,383,717,028,440,012,039,948,588,
099,623,185,947,247,485,877,658,435,507,700,693,409,922,034,
037,877,219,272,837,030,138,083,814,439,411,498,497,173,076,
616,296,134,205,910,501,481,428,394,970,069,595,167,693,904,
155,790,285,635,691,105,554,731,268,457,149,744,963,532,055,
467,794,077,518,405,666,763,722,296,909,034,612,870,682,988,
710,427,876,109,009,099,916,044,382,179,451,176,362,083,537,
971,616,183,312,436,443,126,785,543,555,080,050,798,612,466,
439,772,413,550,212,823,802,672,671,991,498,972,724,851,298,
128,728,369,748,927,642,079,286,866,697,017,725,979,440,785,
815,590,933,250,855,413,129,994,658,111,852,769,165,246,479,
081,911,938,423,327,589,769,957,301,209,810,300,917,100,169,
571,879,161,694,227,007,952,891,519,191,252,105,389,183,853,
895,931,516,740,050,572,381,740,103,062,100,438,024,301,118,
797,770,425,232,807,323,657,512,960,937,245,605,368,003,751,
659,616,423,614,770,933,039,122,440,975,287,173,206,797,612,
812,042,802,673,925,655,730,567,593,151,264,575,004,787,575,
653,185,482,582,141,157,403,047,314,749,251,191,083,561,576,
573,200,254,610,968,670,189,030,764,853,137,383,291,268,248,
174,118,135,903,282,662,508,254,931,321,143,147,895,335,231,
704,398,905,392,853,494,664,288,607,426,837,182,490,249,809,
247,948,722,663,368,682,379,958,087,563,704,080,865,564,932,
190,548,963,778,554,953,116,739,793,527,079,947,045,239,915,
329,753,435,869,051,410,586,409,653,451,418,289,647,443,936,
718,285,271,184,356,079,928,589,597,817,654,395,011,308,884,
841,916,351,667,321,369,286,083,095,674,450,280,180,037,371,
645,800,916,808,297,270,871,560,918,503,865,405,343,666,004,
550,498,562,468,737,602,255,704,159,580,025,017,409,536,183,
928,764,345,800,367,086,495,405,794,172,008,513,635,712,716,
376,832,349,313,423,070,382,127,448,450,144,052,954,169,537,
438,194,545,945,653,316,514,099,099,372,272,280,101,965,465,
272,622,783,151,210,346,768,616,682,613,147,184,361,002,551,
786,324,795,015,002,295,369,546,631,773,958,934,413,148,148,
583,469,437,452,398,115,995,466,607,120,599,779,436,344,018,
507,836,089,910,894,807,341,963,393,925,931,897,394,094,311,
004,211,672,912,019,972,262,660,987,192,701,402,410,580,551,
531,510,010,980,499,604,414,729,103,945,103,031,266,411,472,
673,683,997,331,503,503,674,274,154,699,263,316,527,043,294,
067,523,744,907,505,673,950,892,967,477,911,580,086,439,999,
256,481,720,884,742,925,082,154,627,985,607,912,776,861,194,
608,621,034,940,553,585,013,447,219,024,454,382,452,108,928,
440,949,813,271,701,067,396,647,111,493,189,678,997,766,159,
548,818,619,317,690,017,502,790,178,382,462,438,787,383,148,
327,950,087,902,643,399,257,702,658,800,584,977,898,462,429,
566,032,127,694,581,082,434,812,969,084,097,255,067,105,473,
247,131,725,499,719,190,103,955,330,584,704,072,808,169,315,
862,609,388,601,914,768,994,413,767,362,143,208,360,737,513,
157,437,631,675,466,647,918,675,389,657,155,510,085,062,681,
000,511,982,748,680,778,059,266,776,565,410,083,477,857,102,
425,013,325,339,158,738,476,102,412,979,473,675,100,116,349,
897,780,374,593,002,545,760,987,067,109,215,359,711,517,825,
201,428,121,664,754,303,407,512,860,024,029,703,842,861,598,
428,981,660,214,342,984,908,891,735,968,219,228,446,912,303,
590,432,987,723,184,330,991,418,726,467,460,755,831,872,571,
313,883,235,601,580,900,959,418,253,020,779,939,764,846,259,
790,188,334,179,383,092,096,584,146,357,441,198,587,829,647,
585,094,305,300,814,834,182,174,782,660,377,376,225,299,770,
346,875,290,351,731,079,208,322,003,808,080,921,216,434,658,
681,798,981,050,427,437,538,578,678,918,635,051,771,750,160,
653,182,640,692,888,325,013,591,951,717,853,768,786,588,175,
236,642,153,401,096,129,576,307,476,264,807,031,275,736,578,
776,235,285,905,715,393,248,457,650,394,439,049,666,808,771,
189,919,249,893,389,652,485,239,553,679,582,753,061,416,713,
175,791,575,638,660,600,483,999,417,954,870,586,820,920,119,
515,495,203,129,456,245,131,542,250,657,485,862,916,160,652,
379,664,301,017,269,395,028,229,466,748,968,174,682,116,399,
679,495,029,428,401,309,923,590,127,825,043,742,819,255,763,
453,321,757,616,229,275,111,059,836,827,156,722,977,862,005,
372,293,231,408,288,705,874,944,406,011,623,652,162,771,755,
850,301,345,147,145,276,584,186,427,707,176,996,843,549,962,
025,754,743,181,199,488,338,580,675,969,235,958,062,216,583,
246,409,209,535,064,835,793,581,774,290,301,831,535,129,001,
432,149,551,817,745,690,838,871,932,069,776,969,565,777,175,
449,914,991,143,136,895,083,616,069,253,960,646,989,337,487,
094,293,321,918,560,129,910,856,447,025,625,716,350,550,862,
068,924,029,758,968,471,428,367,868,473,545,553,358,347,765,
253,615,657,818,999,698,306,865,467,173,644,599,634,313,646,
819,542,742,049,047,243,306,467,500,144,269,750,832,236,901,
308,389,549,263,706,677,840,653,132,866,488,608,012,951,377,
172,084,758,115,771,949,101,234,514,177,494,148,277,358,004,
143,266,733,237,961,771,696,569,858,278,583,230,050,526,588,
350,224,786,805,064,820,144,457,059,319,734,338,292,386,007,
260,169,651,090,325,898,090,991,283,765,227,538,149,352,984,
509,941,496,693,386,281,556,803,130,698,106,452,519,270,381,
851,587,264,869,176,256,323,944,142,521,611,842,776,914,506,
771,841,173,571,439,668,100,561,548,395,244,315,494,486,423,
838,429,890,039,982,611,332,246,896,334,652,210,469,254,513,
796,927,600,971,964,533,895,533,210,558,424,564,018,744,861,
105,095,911,176,682,894,271,164,005,401,050,377,042,034,605,
252,131,822,804,589,299,863,790,357,235,066,510,878,235,004,
334,994,239,128,523,630,889,651,098,924,664,105,633,158,417,
114,288,530,414,377,228,662,983,231,897,086,903,040,030,132,
595,147,677,423,751,615,884,091,583,805,915,167,350,451,913,
117,819,394,342,848,292,227,230,406,142,258,207,802,782,914,
807,042,676,162,930,253,922,832,108,491,775,998,420,059,510,
531,216,473,181,840,949,313,980,044,407,284,732,590,260,916,
973,099,815,385,393,903,128,087,882,390,294,800,157,900,800,
000,000,000,000,000,000,000,000,000,000,000,000,000,000,000,
000,000,000,000,000,000,000,000,000,000,000,000,000,000,000,
000,000,000,000,000,000,000,000,000,000,000,000,000,000,000,
000,000,000,000,000,000,000,000,000,000,000,000,000,000,000,
000,000,000,000,000,000,000,000,000,000,000,000,000,000,000,
000,000,000,000,000,000,000,000,000,000,000,000,000,000,000,
000,000,000,000,000,000,000,000,000,000,000,000,000,000,000,
000,000,000,000,000,000,000,000,000,000,000,000,000,000,000,
000,000,000,000,000,000,000,000,000,000,000,000,000,000,000,
000,000,000,000,000,000,000,000,000,000,000,000,000,000,000,
000,000,000,000,000,000,000,000,000,000,000,000,000,000,000,
000,000,000,000,000,000,000,000,000,000,000,000,000,000,000,
000,000,000,000,000,000,000,000,000,000,000,000,000,000,000,
000,000,000,000,000,000,000,000,000,000,000,000,000,000,000,
000,000,000,000,000,000,000,000,000,000,000,000,000,000,000,
000,000,000,000,000,000,000,000,000,000,000,000,000,000,000,
000,000,000,000,000,000,000,000,000,000,000,000,000,000,000,
000,000,000,000,000,000,000,000,000,000,000,000,000,000,000,
000,000,000,000,000,000,000,000,000,000,000,000,000,000,000,
000,000,000,000,000,000,000,000,000,000,000,000,000,000,000,
000,000,000,000,000,000,000,000,000,000,000,000,000,000,000,
000,000,000,000,000,000,000,000,000,000,000,000,000,000,000,
000,000,000,000,000,000,000,000,000,000,000,000,000,000,000,
000,000,000,000,000,000,000,000,000,000,000,000,000,000,000,
000,000,000,000,000,000,000,000,000,000,000,000,000,000,000,
000,000,000,000,000,000,000,000,000,000,000,000,000,000,000,
000,000,000,000,000,000,000,000,000,000,000,000,000,000,000,
000,000,000,000,000,000,000,000,000,000,000,000,000,000,000,
000,000,000,000,000,000,000,000,000,000,000,000,000,000,000,
000,000,000,000,000,000,000,000,000,000,000,000,000,000,000,
000,000,000,000,000,000,000,000,000,000,000,000,000,000,000,
000,000,000,000,000,000,000,000,000,000,000,000,000,000,000,
000,000,000,000,000,000,000,000,000,000,000,000,000,000,000,
000,000,000,000,000,000,000,000,000,000,000,000,000,000,000,
000,000,000,000,000,000,000,000,000,000,000,000,000,000,000,
000,000,000,000,000,000,000,000,000,000,000,000,000,000,000,
000,000,000,000,000,000,000,000,000,000,000,000,000,000,000,
000,000,000,000,000,000,000,000,000,000,000,000,000,000,000,
000,000,000,000,000,000,000,000,000,000,000,000,000,000,000,
000,000,000,000,000,000,000,000,000,000,000,000,000,000,000,
000,000,000,000,000,000,000,000,000,000,000,000,000,000,000,
000,000,000,000,000,000,000,000,000,000,000,000,000,000,000,
000,000,000,000,000,000,000,000,000,000,000,000,000,000,000,
000,000,000,000,000,000,000,000,000,000,000,000,000,000,000,
000,000,000,000,000,000,000,000,000,000,000,000,000,000,000,
000,000,000,000,000,000,000,000,000,000,000,000,000,000,000,
000,000,000,000,000,000,000,000,000,000,000,000,000,000,000,
000,000,000,000,000,000,000,000,000,000,000,000,000,000,000,
000,000,000,000,000,000,000,000,000,000,000,000,000,000,000,
000,000,000,000,000,000,000,000,000,000,000,000,000,000,000,
000,000,000,000,000,000,000,000,000,000,000,000,000,000,000,
000,000,000,000,000,000,000,000,000,000,000,000,000,000,000,
000,000,000,000,000,000,000,000,000,000,000,000,000,000,000,
000,000,000,000,000,000,000,000,000,000,000,000,000,000,000,
000,000,000,000,000,000,000,000,000,000,000,000,000,000,000,
000,000,000,000,000,000
-------------------------------------------------------------

Enter another value? No: input 0, Yes: input any number other than 0
Goodbye
